	Num_event	Time_event
1	159	425463116346.0
2	160	425471456915.0
3	161	425484997976.0
4	162	425492903542.0
5	163	425498739358.0
6	164	425504001222.0
7	165	425506432402.0
8	166	425507337972.0
9	167	425519157499.0
10	168	425520240512.0
11	169	425527018603.0
12	170	425528784154.0
13	171	425531269335.0
14	172	425532384968.0
15	173	425542458792.0
16	174	425554714928.0
17	175	425557313323.0
18	176	425558539984.0
19	177	425558741791.0
20	178	425560150590.0
21	179	425563703029.0
22	180	425566268490.0
23	181	425566384156.0
24	182	425571241489.0
25	183	425575530140.0
26	184	425580940923.0
27	185	425584671006.0
28	186	425588979758.0
29	187	425599377821.0
30	188	425601707302.0
31	189	425612648558.0
32	190	425635920917.0
33	192	425646313494.0
34	193	425659240087.0
35	194	425660544314.0
36	195	425664954374.0
37	196	425665938766.0
38	197	425672019632.0
39	198	425686667111.0
40	199	425687137372.0
41	200	425687326336.0
42	201	425689223368.0
43	202	425689550714.0
44	203	425690987233.0
45	204	425692652911.0
46	205	425694033678.0
47	206	425696101844.0
48	207	425698635014.0
49	208	425699303806.0
50	209	425700535432.0
51	210	425706115603.0
52	211	425740281360.0
53	235	426221548561.0
54	236	426231162074.0
55	237	426232695244.0
56	238	426236341118.0
57	239	426257862512.0
58	240	426262324151.0
59	241	426264712999.0
60	242	426269987753.0
61	243	426272203330.0
62	244	426278752813.0
63	245	426284246483.0
64	246	426293666073.0
65	247	426294613649.0
66	248	426296050939.0
67	249	426306298155.0
68	250	426323788756.0
69	251	426324198591.0
70	252	426324818185.0
71	253	426325641279.0
72	254	426643405961.0
73	255	426680106811.0
74	256	426684803448.0
75	257	426685178025.0
76	258	426685249615.0
77	259	426685857019.0
78	260	426688046850.0
79	261	426688175809.0
80	262	426689329611.0
81	263	426693090121.0
82	264	426696556642.0
83	265	426698812245.0
84	266	426701983965.0
85	267	426710821059.0
86	268	426722792174.0
87	269	426727303819.0
88	270	426737038341.0
89	271	426740614586.0
90	272	426749046083.0
91	273	426750915271.0
92	274	426751263945.0
93	275	426763486815.0
94	276	426765069541.0
95	277	426772516777.0
96	278	426778118407.0
97	279	426780856294.0
98	280	426782420761.0
99	281	426782565152.0
100	282	426787072416.0
101	283	426802906369.0
102	284	426805413720.0
103	285	426811557286.0
104	286	426811841843.0
105	287	426818037636.0
106	288	426820145556.0
107	289	426820758659.0
108	290	426830205764.0
109	291	426832353653.0
110	292	426832669038.0
111	293	426847948887.0
112	294	426848921167.0
113	295	426850590769.0
114	296	426856474162.0
115	297	426857618709.0
116	298	426862469712.0
117	299	426862530384.0
118	300	426871347657.0
119	301	426880071739.0
120	302	426916707499.0
121	304	427215217257.0
122	305	427220264185.0
123	307	427228979331.0
124	308	427233491277.0
125	309	427240608188.0
126	310	427241203733.0
127	311	427253125930.0
128	312	427258262587.0
129	313	427270067766.0
130	314	427290543113.0
131	315	427300141883.0
132	316	427303685039.0
133	317	427304029144.0
134	318	427323194650.0
135	319	427329933434.0
136	320	427333308704.0
137	321	427333576127.0
138	322	427334553192.0
